S = [1 -2 2; 0.5 -3 1.5; 2.5 -0.5 2.5; -1 -3 0]

V = [0.31649658 0.63299316 0.31649658; -0.31649658 -0.63299316 -0.31649658; 0.41741426 0.30578789 0.06472051; -0.13927185  0.07448912 -0.13927185]

r = ones([1, 4])

n = 4
